Script started on 2026-02-22 13:31:01-05:00 [TERM="xterm-256color" TTY="/dev/pts/0" COLUMNS="184" LINES="45"]
[?2004h]0;kevin-rapa@kevin-rapa-Latitude-5531: ~/Repos/backup/module5[01;32mkevin-rapa@kevin-rapa-Latitude-5531[00m:[01;34m~/Repos/backup/module5[00m$ make
[?2004lnvcc -o assignment assignment.cu util.cu
[?2004h]0;kevin-rapa@kevin-rapa-Latitude-5531: ~/Repos/backup/module5[01;32mkevin-rapa@kevin-rapa-Latitude-5531[00m:[01;34m~/Repos/backup/module5[00m$ ./assignment 3 3 3 1 50
[?2004lRowsA: 3
ColsA: 3
RowsB: 3
ColsB: 1
Max: 50
Matrix A:
[   19,    0,    0,  ]
[   39,   41,   19,  ]
[   47,   19,   22,  ]
Matrix B:
[   31,  ]
[    0,  ]
[   33,  ]
Matrix C:
[   45,  ]
[   14,  ]
[    9,  ]
Matrix A * B + C =:
[  634,  ]
[ 1850,  ]
[ 2192,  ]
Time elapsed for sizes [ 3, 3] * [ 3, 1] + [ 3, 1]: 0.049088 ms
[?2004h]0;kevin-rapa@kevin-rapa-Latitude-5531: ~/Repos/backup/module5[01;32mkevin-rapa@kevin-rapa-Latitude-5531[00m:[01;34m~/Repos/backup/module5[00m$ ./run.sh 
[?2004lRowsA: 2
ColsA: 2
RowsB: 2
ColsB: 2
Max: 25
Matrix A:
[   22,   22,  ]
[    3,   22,  ]
Matrix B:
[   18,    6,  ]
[    2,   19,  ]
Matrix C:
[   12,   21,  ]
[   24,    6,  ]
Matrix A * B + C =:
[  452,  574,  ]
[  119,  442,  ]
RowsA: 4
ColsA: 4
RowsB: 4
ColsB: 4
Max: 25
Matrix A:
[   22,   22,    3,   22,  ]
[   18,    6,    2,   19,  ]
[   12,   21,   24,    6,  ]
[   24,   16,   21,   15,  ]
Matrix B:
[    5,   24,   13,    2,  ]
[    5,   23,    2,    9,  ]
[    6,   21,   20,   22,  ]
[   23,    8,   13,   21,  ]
Matrix C:
[    6,   18,   18,    1,  ]
[    2,   20,   20,   16,  ]
[   18,   19,   22,   18,  ]
[   12,   20,    8,   17,  ]
Matrix A * B + C =:
[  750, 1275,  694,  782,  ]
[  587,  784,  552,  553,  ]
[  465, 1343,  778,  875,  ]
[  672, 1521,  977,  986,  ]
RowsA: 8
ColsA: 8
RowsB: 8
ColsB: 8
Max: 25
Matrix A:
[   22,   22,    3,   22,   18,    6,    2,   19,  ]
[   12,   21,   24,    6,   24,   16,   21,   15,  ]
[    5,   24,   13,    2,    5,   23,    2,    9,  ]
[    6,   21,   20,   22,   23,    8,   13,   21,  ]
[    6,   18,   18,    1,    2,   20,   20,   16,  ]
[   18,   19,   22,   18,   12,   20,    8,   17,  ]
[   21,   23,   22,    1,   21,    1,   12,    2,  ]
[   22,    7,   24,   23,   17,   15,   21,    0,  ]
Matrix B:
[   10,   14,    1,   14,   11,   24,    5,    7,  ]
[   20,    4,    0,    8,   24,   10,    2,   22,  ]
[    8,   24,    0,    7,    2,   12,    9,    2,  ]
[   19,   11,    0,   14,    3,   21,   14,   15,  ]
[   12,   18,    5,    0,   17,   12,    7,   12,  ]
[   17,    7,   22,   18,   19,    0,   16,    3,  ]
[    1,   16,   12,    6,    6,   23,    8,    2,  ]
[    9,    8,   16,   14,    6,    6,    7,   18,  ]
Matrix C:
[    1,   12,   18,   18,   24,    3,    5,   18,  ]
[   10,    3,   12,    7,    5,    5,   10,    8,  ]
[   21,   24,   14,    2,   22,   22,    7,    7,  ]
[    7,   23,   23,   13,    6,    5,    6,    7,  ]
[   19,    2,    0,   21,    5,    8,   14,   17,  ]
[   11,    3,   24,   18,    8,   11,    1,    7,  ]
[   10,   16,   11,    8,   13,   18,   17,   21,  ]
[   17,   17,   11,   23,    0,   20,    8,   19,  ]
Matrix A * B + C =:
[ 1594, 1270,  593, 1206, 1407, 1633,  870, 1571,  ]
[ 1574, 1897, 1000, 1235, 1632, 1776, 1115, 1349,  ]
[ 1224,  867,  718,  956, 1251,  742,  711,  925,  ]
[ 1690, 1743,  791, 1229, 1444, 1775, 1108, 1601,  ]
[ 1135, 1228,  974, 1078, 1172, 1149,  861,  901,  ]
[ 1726, 1679,  908, 1461, 1494, 1705, 1183, 1404,  ]
[ 1169, 1528,  331,  770, 1304, 1560,  653, 1035,  ]
[ 1487, 1920,  696, 1257, 1244, 2063, 1210, 1011,  ]
RowsA: 16
ColsA: 16
RowsB: 16
ColsB: 16
Max: 25
Matrix A:
[   20,    9,    3,   10,    5,    6,   12,    5,   20,   14,   23,   22,   20,   22,   12,   14,  ]
[   18,    6,    1,   10,   21,   22,    4,   19,   19,   16,    5,    5,   18,   15,   18,   13,  ]
[   24,   23,    1,    6,    6,   13,   13,    1,    5,   11,   23,    0,   10,   13,   14,    6,  ]
[   19,   16,   16,   15,   15,   20,   11,    9,   11,   16,   16,    6,    6,    9,   20,    7,  ]
[    9,   21,   14,   15,   11,    2,   17,   16,   16,   17,   16,    3,    5,    8,    9,   24,  ]
[   24,    0,   16,   16,   22,    2,    2,    9,   21,   18,   15,    4,    4,   12,   12,   15,  ]
[   10,    3,    5,   22,    5,   22,   15,   23,   17,    9,    4,   22,   17,   13,   22,   18,  ]
[   16,   13,   11,   13,   18,   13,   24,   14,    8,   17,   18,   14,    4,    7,    4,   17,  ]
[   10,    9,   16,   18,    9,    6,   18,    1,   17,   22,   23,   11,   11,   22,    6,    4,  ]
[   11,   17,   17,    6,    5,   17,   22,   13,    9,   17,    4,   15,    0,    8,    7,   12,  ]
[   18,    0,    5,    4,    9,   24,    5,    1,   21,    5,   13,    9,    3,   21,   13,   16,  ]
[   14,    6,   22,   19,    0,   19,   10,   11,   13,   14,    3,   13,    0,   13,    1,   18,  ]
[   13,    8,   22,   22,    7,    4,   24,    4,    9,   14,   15,   12,   10,    4,    3,   24,  ]
[   10,    2,   21,   12,   21,    8,   23,   12,   24,    1,    0,   24,   14,    3,   19,    5,  ]
[   12,   18,    2,   21,   22,    3,    2,    7,   17,   18,   21,    5,   22,    0,    6,    9,  ]
[    2,    4,   21,    1,   12,   21,   13,   14,   24,   15,   13,   16,   21,    8,   21,    8,  ]
Matrix B:
[    1,   23,    6,    1,    2,    9,    8,   21,    2,    4,    1,    1,    6,    8,   10,   11,  ]
[   14,    8,   12,    2,    6,    2,   16,    5,   19,    6,   21,   15,   16,   17,    0,   18,  ]
[   16,    7,   21,   20,   16,    4,   16,   20,   10,   18,   21,   17,    3,    6,    3,   17,  ]
[   16,   17,   21,   22,   21,   14,    2,   15,   21,   24,    6,   12,   18,    8,    7,   11,  ]
[   15,    3,    6,    8,    9,   23,    3,   22,   18,   24,   14,   23,    7,   19,   17,    0,  ]
[   13,   14,   22,    9,    3,    2,    1,    1,    3,    9,   14,   21,   18,   23,    8,   10,  ]
[    4,   16,   19,   13,   14,   24,   10,    9,    1,    1,    7,   10,   22,    0,   11,   10,  ]
[   16,   10,   21,   21,   12,   23,   23,   15,    7,   14,   14,    2,   14,   24,   13,   18,  ]
[   15,    9,    7,    7,   10,   19,   16,   11,   21,    1,   24,   18,    3,   10,    6,   19,  ]
[   22,    4,   17,   10,    2,   17,    2,   12,    6,   16,   14,   23,   15,    4,   16,    6,  ]
[   13,   23,   13,    1,   18,    6,   12,   16,    7,   13,   11,   12,    0,   17,    8,   23,  ]
[   22,    1,    8,    1,   20,   10,   15,    4,    2,    5,    2,   19,   11,   18,    0,    2,  ]
[   19,   15,    3,   14,   24,   17,    5,    8,    6,   16,   21,    6,   11,    4,    4,   10,  ]
[    7,   14,   11,    3,    0,    2,    7,    4,    9,    9,   23,   20,    4,    1,   24,   23,  ]
[   18,    2,   12,   17,   20,   19,    1,    3,   11,   24,    9,   24,    5,   16,    9,   13,  ]
[    5,   22,   18,    7,   24,    2,   11,   10,   13,   12,    8,   17,   13,    7,   16,    8,  ]
Matrix C:
[   10,    5,    1,    7,    0,    4,   12,   13,    3,   21,   12,    8,   14,   23,   23,   22,  ]
[   20,   16,    4,   22,   20,   18,    9,    8,    7,   17,    1,   20,    2,   19,    5,   14,  ]
[    1,    6,   21,    1,   10,    8,   16,   15,    6,    5,   24,   23,    3,   22,   20,    1,  ]
[   16,    1,    0,   11,   19,    9,   22,    1,    4,    0,   23,    6,   19,    4,   20,   22,  ]
[   12,   18,   24,    0,    3,   17,   15,   11,   23,   14,    9,    3,   14,    6,    4,    7,  ]
[    8,    6,   20,    4,   18,   17,    8,   22,   17,    8,    5,   13,   12,    0,   11,    2,  ]
[   20,   12,    2,   23,    4,   17,    9,    4,    7,   21,    8,   23,    2,   14,    5,   12,  ]
[   21,    0,   17,   14,   18,    0,   13,   12,    8,   18,    3,   23,   20,   16,    2,   15,  ]
[    3,    4,   13,    9,   21,   24,   16,    5,   20,   24,    5,    0,   15,   10,   12,   11,  ]
[   11,    4,    2,    6,    6,   17,   20,   17,   10,    0,   17,    5,   16,   19,   20,   21,  ]
[   23,   10,    8,   21,   12,   24,    4,    9,   23,    9,    9,   13,   20,   24,    2,    8,  ]
[    3,    6,   16,   12,   24,   13,    4,   11,   14,   21,   17,    5,   15,   14,    2,   15,  ]
[    2,   10,   11,   14,    9,   15,   23,    9,    0,   10,   24,   22,    9,    3,    7,   14,  ]
[   10,   23,    1,   11,   11,    7,   22,    0,    3,   14,    8,   20,    6,   10,   10,    8,  ]
[   22,   24,   24,    8,   16,   24,   19,   18,    9,   18,   15,   18,   24,   24,   10,    9,  ]
[   22,   13,   20,   11,   21,   17,   13,    1,    9,   21,   22,   17,    8,    9,    0,    7,  ]
Matrix A * B + C =:
[ 2856, 2811, 2548, 1662, 2793, 2504, 2022, 2263, 1950, 2322, 2782, 3162, 1994, 2209, 2099, 2846,  ]
[ 2852, 2437, 2681, 2085, 2371, 2801, 1677, 2272, 2105, 2718, 2865, 3200, 2163, 2611, 2313, 2493,  ]
[ 1965, 2377, 2148, 1204, 1789, 1763, 1373, 1812, 1542, 1851, 2153, 2394, 1700, 1879, 1635, 2378,  ]
[ 2848, 2492, 2974, 2103, 2424, 2488, 1779, 2429, 2109, 2749, 2740, 3303, 2167, 2568, 1986, 2685,  ]
[ 2603, 2557, 2970, 2059, 2639, 2479, 2120, 2441, 2295, 2470, 2737, 3005, 2202, 2177, 2024, 2702,  ]
[ 2493, 2362, 2465, 1861, 2289, 2471, 1685, 2672, 2156, 2623, 2473, 2942, 1579, 2037, 2139, 2383,  ]
[ 3174, 2645, 3243, 2550, 3172, 2969, 2041, 2161, 2115, 2807, 2739, 3356, 2636, 2741, 2157, 2700,  ]
[ 2672, 2646, 3049, 1938, 2577, 2637, 2019, 2541, 1928, 2449, 2478, 3086, 2410, 2408, 2114, 2448,  ]
[ 2755, 2490, 2736, 1852, 2422, 2413, 1775, 2331, 2008, 2415, 2830, 3177, 1950, 1846, 2023, 2741,  ]
[ 2363, 2008, 2765, 1748, 2020, 2076, 1862, 1884, 1573, 1865, 2285, 2784, 2184, 2039, 1658, 2193,  ]
[ 1967, 2205, 2176, 1260, 1794, 1665, 1352, 1665, 1559, 1782, 2193, 2773, 1465, 1927, 1850, 2213,  ]
[ 2252, 2238, 2830, 1851, 2071, 1750, 1750, 1992, 1671, 1982, 2238, 2661, 2009, 1845, 1697, 2232,  ]
[ 2454, 2628, 2905, 2061, 2865, 2280, 1864, 2437, 1908, 2368, 2295, 2791, 2204, 1752, 1786, 2310,  ]
[ 2856, 1923, 2560, 2258, 2863, 3001, 1974, 2296, 1982, 2431, 2536, 3056, 2016, 2291, 1640, 2176,  ]
[ 2749, 2259, 2212, 1744, 2476, 2489, 1563, 2352, 2232, 2578, 2511, 2669, 1866, 2183, 1638, 2191,  ]
[ 3245, 2170, 2865, 2300, 2853, 2815, 2019, 2183, 1962, 2662, 3129, 3484, 2060, 2566, 1877, 2669,  ]
RowsA: 32
ColsA: 32
RowsB: 32
ColsB: 32
Max: 25
Matrix A:
[   20,    9,    3,   10,    5,    6,   12,    5,   20,   14,   23,   22,   20,   22,   12,   14,   18,    6,    1,   10,   21,   22,    4,   19,   19,   16,    5,    5,   18,   15,   18,   13,  ]
[   24,   23,    1,    6,    6,   13,   13,    1,    5,   11,   23,    0,   10,   13,   14,    6,   19,   16,   16,   15,   15,   20,   11,    9,   11,   16,   16,    6,    6,    9,   20,    7,  ]
[    9,   21,   14,   15,   11,    2,   17,   16,   16,   17,   16,    3,    5,    8,    9,   24,   24,    0,   16,   16,   22,    2,    2,    9,   21,   18,   15,    4,    4,   12,   12,   15,  ]
[   10,    3,    5,   22,    5,   22,   15,   23,   17,    9,    4,   22,   17,   13,   22,   18,   16,   13,   11,   13,   18,   13,   24,   14,    8,   17,   18,   14,    4,    7,    4,   17,  ]
[   10,    9,   16,   18,    9,    6,   18,    1,   17,   22,   23,   11,   11,   22,    6,    4,   11,   17,   17,    6,    5,   17,   22,   13,    9,   17,    4,   15,    0,    8,    7,   12,  ]
[   18,    0,    5,    4,    9,   24,    5,    1,   21,    5,   13,    9,    3,   21,   13,   16,   14,    6,   22,   19,    0,   19,   10,   11,   13,   14,    3,   13,    0,   13,    1,   18,  ]
[   13,    8,   22,   22,    7,    4,   24,    4,    9,   14,   15,   12,   10,    4,    3,   24,   10,    2,   21,   12,   21,    8,   23,   12,   24,    1,    0,   24,   14,    3,   19,    5,  ]
[   12,   18,    2,   21,   22,    3,    2,    7,   17,   18,   21,    5,   22,    0,    6,    9,    2,    4,   21,    1,   12,   21,   13,   14,   24,   15,   13,   16,   21,    8,   21,    8,  ]
[    1,   23,    6,    1,    2,    9,    8,   21,    2,    4,    1,    1,    6,    8,   10,   11,   14,    8,   12,    2,    6,    2,   16,    5,   19,    6,   21,   15,   16,   17,    0,   18,  ]
[   16,    7,   21,   20,   16,    4,   16,   20,   10,   18,   21,   17,    3,    6,    3,   17,   16,   17,   21,   22,   21,   14,    2,   15,   21,   24,    6,   12,   18,    8,    7,   11,  ]
[   15,    3,    6,    8,    9,   23,    3,   22,   18,   24,   14,   23,    7,   19,   17,    0,   13,   14,   22,    9,    3,    2,    1,    1,    3,    9,   14,   21,   18,   23,    8,   10,  ]
[    4,   16,   19,   13,   14,   24,   10,    9,    1,    1,    7,   10,   22,    0,   11,   10,   16,   10,   21,   21,   12,   23,   23,   15,    7,   14,   14,    2,   14,   24,   13,   18,  ]
[   15,    9,    7,    7,   10,   19,   16,   11,   21,    1,   24,   18,    3,   10,    6,   19,   22,    4,   17,   10,    2,   17,    2,   12,    6,   16,   14,   23,   15,    4,   16,    6,  ]
[   13,   23,   13,    1,   18,    6,   12,   16,    7,   13,   11,   12,    0,   17,    8,   23,   22,    1,    8,    1,   20,   10,   15,    4,    2,    5,    2,   19,   11,   18,    0,    2,  ]
[   19,   15,    3,   14,   24,   17,    5,    8,    6,   16,   21,    6,   11,    4,    4,   10,    7,   14,   11,    3,    0,    2,    7,    4,    9,    9,   23,   20,    4,    1,   24,   23,  ]
[   18,    2,   12,   17,   20,   19,    1,    3,   11,   24,    9,   24,    5,   16,    9,   13,    5,   22,   18,    7,   24,    2,   11,   10,   13,   12,    8,   17,   13,    7,   16,    8,  ]
[   10,    5,    1,    7,    0,    4,   12,   13,    3,   21,   12,    8,   14,   23,   23,   22,   20,   16,    4,   22,   20,   18,    9,    8,    7,   17,    1,   20,    2,   19,    5,   14,  ]
[    1,    6,   21,    1,   10,    8,   16,   15,    6,    5,   24,   23,    3,   22,   20,    1,   16,    1,    0,   11,   19,    9,   22,    1,    4,    0,   23,    6,   19,    4,   20,   22,  ]
[   12,   18,   24,    0,    3,   17,   15,   11,   23,   14,    9,    3,   14,    6,    4,    7,    8,    6,   20,    4,   18,   17,    8,   22,   17,    8,    5,   13,   12,    0,   11,    2,  ]
[   20,   12,    2,   23,    4,   17,    9,    4,    7,   21,    8,   23,    2,   14,    5,   12,   21,    0,   17,   14,   18,    0,   13,   12,    8,   18,    3,   23,   20,   16,    2,   15,  ]
[    3,    4,   13,    9,   21,   24,   16,    5,   20,   24,    5,    0,   15,   10,   12,   11,   11,    4,    2,    6,    6,   17,   20,   17,   10,    0,   17,    5,   16,   19,   20,   21,  ]
[   23,   10,    8,   21,   12,   24,    4,    9,   23,    9,    9,   13,   20,   24,    2,    8,    3,    6,   16,   12,   24,   13,    4,   11,   14,   21,   17,    5,   15,   14,    2,   15,  ]
[    2,   10,   11,   14,    9,   15,   23,    9,    0,   10,   24,   22,    9,    3,    7,   14,   10,   23,    1,   11,   11,    7,   22,    0,    3,   14,    8,   20,    6,   10,   10,    8,  ]
[   22,   24,   24,    8,   16,   24,   19,   18,    9,   18,   15,   18,   24,   24,   10,    9,   22,   13,   20,   11,   21,   17,   13,    1,    9,   21,   22,   17,    8,    9,    0,    7,  ]
[   10,    1,   17,    2,    0,   11,   20,   12,    7,   13,    7,    6,   12,   17,   17,   12,    6,   12,   23,    2,    6,   13,    3,   17,   12,    2,    9,   20,   14,   11,    5,   24,  ]
[   12,   22,    3,   13,   11,   24,    0,   20,   12,    7,    3,    1,    2,   20,   13,    8,    9,   13,   12,   17,    2,   17,   10,   14,   22,   19,   11,   11,    6,   16,   12,   20,  ]
[   16,   16,   10,    4,   15,   10,   24,    4,   20,    2,    7,   24,   24,   21,    7,   10,   11,   21,    2,   13,   13,   12,    4,   10,    9,   18,   23,   15,    9,   11,   10,    2,  ]
[    2,   21,    6,   19,    8,    7,    0,    5,   11,    7,    4,   10,    3,   13,   20,   17,   11,   23,    5,    0,   12,   12,   10,   21,    5,    9,   13,   16,   22,   24,   21,   24,  ]
[   22,    4,   18,    7,   12,   18,   15,   23,    2,   21,   11,    8,   12,    6,    0,   23,    6,    7,   23,   19,   19,   11,   17,    1,   22,    6,   20,   19,    7,   16,   20,    6,  ]
[   20,   15,   13,    7,    8,    3,    8,   10,    2,   19,   18,   14,    2,   20,   12,    9,    3,   11,    5,   24,   24,   24,    1,   23,    5,   21,   17,   12,   12,   12,   18,    7,  ]
[    4,    9,   17,   12,   14,    0,   24,   16,   21,   20,    5,   23,   15,   18,    9,   20,    6,   14,   20,    7,   14,   21,    5,   21,   17,   24,    9,    6,   13,    4,   15,   17,  ]
[   13,    9,    6,    3,    9,    5,   21,    7,    2,    2,    6,   20,   22,   15,   15,    5,    7,   12,   14,   23,    8,   19,   19,    2,   18,    5,   10,    8,   10,    3,    0,    0,  ]
Matrix B:
[   12,    6,    5,   24,   13,    2,    6,   18,    6,   12,   13,    3,    5,    5,   10,   12,   20,   24,   12,    3,   20,    6,    8,   15,   14,   20,   23,    1,   23,   23,    1,   11,  ]
[    6,    7,   10,   19,   11,   18,   14,   17,    6,    2,   22,   13,   10,    9,    2,    5,   10,   14,   10,    5,   22,   20,   22,   11,   18,   20,   12,   16,   20,   16,    2,    3,  ]
[    0,   14,   24,   11,    8,   14,    5,   16,   18,    2,    4,    3,   11,    8,   10,   21,   22,   23,    3,   21,   20,    0,   10,   13,   22,   22,    5,   19,   15,    9,   22,   15,  ]
[    1,   21,    3,   11,   10,    8,    2,    4,   12,    8,    9,   23,   16,   22,   21,   15,   22,    1,   11,   19,    3,   21,    8,    0,   21,   15,   21,   13,    1,   20,    6,    2,  ]
[   17,    9,   13,    4,   18,   17,   10,    7,    0,   22,    6,   18,   21,    4,   10,   18,    8,   22,   12,   11,   20,   22,   14,   18,   12,   12,    9,   16,    8,   15,   18,    0,  ]
[   24,    9,    6,   19,    1,   19,    2,    4,   16,   10,   24,   14,   16,   10,    9,   24,    9,   23,   13,    6,   21,    4,    0,   10,   16,    9,    1,   24,   24,   22,    1,    0,  ]
[    6,    8,   20,    9,    4,   24,   13,   20,    9,   13,   11,    0,   23,   20,    2,    9,   18,   15,   15,   14,   19,   17,    2,   10,    1,    3,   12,    2,    0,   13,    5,    8,  ]
[   23,    0,   18,    2,   24,    6,   24,   10,   21,   10,   10,   21,    5,   14,    5,   24,    4,   21,   15,    0,   13,   17,   13,   17,   23,    0,   21,    0,   13,    1,    9,   12,  ]
[    3,    4,   14,    4,   10,   14,   14,    9,   24,    2,    5,    7,   16,   13,    6,   23,    9,   21,   23,   24,   16,   11,   18,   16,   11,   15,   16,    2,   18,    2,   14,   24,  ]
[    6,    5,    3,   17,   21,   20,    3,   23,   24,    8,    5,   15,   21,   11,   15,    7,    9,   14,    9,    2,    2,    2,   18,   16,   19,   10,   18,   15,   12,    9,   14,   19,  ]
[   16,   19,   13,   13,   16,   16,   13,   15,    1,   18,    6,    0,    6,   23,    9,   15,   12,   18,   20,   17,   21,   13,    8,   17,    0,    3,    7,   15,   14,   23,   11,    7,  ]
[   18,   24,   22,    9,   17,   10,    0,   20,    3,    8,   22,    9,    6,    7,    2,   21,    0,   22,   13,   23,   12,   23,   16,   15,    3,   23,    5,   17,   22,   16,   24,   17,  ]
[   17,   24,    1,   11,    9,    3,    6,   13,   13,    4,   24,   22,   11,    1,   18,   13,    0,    8,   12,   15,    8,    3,    5,   11,    3,   10,    5,    0,    1,    4,   17,   20,  ]
[    3,   21,    6,   15,   24,   14,    3,   15,   18,    2,   12,    6,    6,    7,   22,    8,   15,    9,   23,   23,   12,    3,   11,   17,   13,   16,   18,   16,   22,   12,   13,    3,  ]
[    8,   19,   18,   10,    9,   21,    0,    4,    0,   14,   13,    8,   21,   10,   17,   13,   19,   15,   13,    8,   21,    1,    0,   11,   17,   20,    5,   14,    8,   18,   17,   18,  ]
[   13,   10,    3,   24,    8,    5,    3,   11,   21,   18,   19,   19,    3,   13,    9,   24,    6,   22,    7,    2,    0,   10,   13,   17,    5,   18,    7,   15,   12,    1,    9,    2,  ]
[   14,   12,    3,   22,   20,    8,   10,   16,    2,    7,   11,    5,   20,   20,    5,    1,   20,   14,    3,   20,    1,   19,   15,    7,   12,   22,   24,    1,    0,    8,    5,   14,  ]
[   23,    8,   14,   20,   17,   24,   11,   19,    8,   24,    1,    4,   22,    8,    7,   17,   23,   11,   14,   24,    5,    4,    8,   19,    3,    8,   23,    4,   18,    5,   20,   16,  ]
[   14,   11,   11,    8,   13,    0,    4,   21,    1,    5,    0,   23,   16,    8,   17,   14,   21,    9,   15,    3,   13,    1,   24,   19,   11,   24,    0,    4,    5,   20,   23,   21,  ]
[    7,   11,    4,   22,   13,   10,   18,   15,   17,   21,   13,    8,    4,    8,   22,    2,   17,   15,    5,    7,   16,    6,    1,    4,    6,    1,    8,   11,   24,    8,    7,    8,  ]
[   20,   11,    5,    8,   23,   23,    0,   15,   19,   14,   24,    0,   24,   23,    4,   16,   13,    9,   23,    6,   16,    0,   10,   24,    3,   21,   10,    2,    4,   17,   12,    1,  ]
[    5,   19,   12,    3,   20,   12,   18,   16,    3,   17,   17,    2,   16,   21,   18,    6,    8,   17,   15,    1,   19,    2,    0,   22,   23,   12,    2,    5,    4,   16,    6,   11,  ]
[   11,   18,   14,    6,    8,    9,   22,   11,    4,   16,   14,   22,   15,    9,    3,    0,    1,   20,    3,   22,   23,    3,   22,   21,   15,   24,    3,   21,   17,   10,    7,    3,  ]
[    5,   23,   11,   13,    9,   11,    2,   13,    4,   16,   10,   21,    0,   16,   21,    4,   13,   24,    1,   11,    4,   23,   10,   21,   24,   13,   19,   19,   23,    1,   22,    6,  ]
[    1,   11,   21,   13,   24,   23,    1,    3,   16,   14,    0,   19,    7,   23,   23,   20,    0,    1,    9,    4,    2,   19,    3,    3,    7,   22,   22,    8,    1,   22,   14,    2,  ]
[   10,   12,   17,    9,   11,   21,   14,    4,   12,   16,   23,   19,   15,   23,   16,   15,    0,    0,   21,    4,   21,   24,    7,    4,   22,    7,   14,   23,    4,    3,    2,   14,  ]
[   17,   22,    0,    5,   18,   14,   10,    5,    6,   10,    1,   21,    9,   19,   13,   11,   22,   11,   15,   18,   11,   24,   22,   10,    8,   11,   10,   12,   16,   14,    3,   11,  ]
[   11,    3,   16,    4,   20,    3,   11,    1,   14,   12,   24,   23,    7,   14,    9,    4,    0,    1,   22,   13,    2,   22,   23,   11,   10,   10,    0,    4,    0,    6,   15,   13,  ]
[   11,    8,   18,    6,   12,    4,    9,    1,   19,    8,   24,    1,   24,   10,    7,    0,   13,    6,   13,   17,    3,   14,    5,   16,   24,    8,   22,    1,   14,   14,   15,    2,  ]
[   22,   10,    9,    9,   16,   20,   10,   10,    6,   11,   13,    5,   23,   20,    5,   13,    2,   21,    8,    7,   12,   13,    0,   13,   23,   22,   15,   12,   11,    7,   15,   11,  ]
[   17,    1,   20,    8,   21,    8,   21,    2,   21,    9,   10,   20,    7,   15,   10,   11,   13,   18,   20,    0,    9,   21,   14,    7,   20,    6,   22,    9,   13,   14,   20,    7,  ]
[   17,   17,   17,   15,    0,   15,   18,   22,    2,    5,   19,    9,   20,    4,   22,   11,    0,   17,   13,    9,   15,    4,   18,   13,   10,   15,   22,    0,    6,   19,    9,   23,  ]
Matrix C:
[   11,    2,   14,   12,   17,    9,   11,   19,   14,    5,    5,   11,   11,    2,   22,   11,   22,   13,   22,   12,   17,   16,    0,    3,    8,   24,    5,   17,   18,   15,   15,    7,  ]
[   17,    6,   21,   11,   15,    7,    8,    6,   12,   13,   18,   23,   18,   17,   12,   15,    5,    9,    4,   23,    2,    5,    3,   13,    6,    8,    7,    2,   23,   22,    9,   17,  ]
[    6,    5,    6,   23,   14,   16,    5,    1,    4,    0,    1,   24,   17,   13,   16,    0,    0,   21,    0,    4,    1,    3,   19,    9,   13,    1,   11,   14,    1,   22,    6,    7,  ]
[    4,   14,    5,   18,    5,   12,   19,   12,   12,   23,   11,    7,   13,    3,    7,   15,    1,    7,   20,    2,   12,   16,   13,    0,   18,    0,   14,   19,   24,   23,    3,    4,  ]
[   12,   10,   22,   20,   23,   19,    7,   10,   17,   20,   19,    7,    0,    1,   23,    1,   10,   20,    5,   24,   13,   19,    0,    6,   21,   16,    2,   20,   14,    7,    1,    4,  ]
[   18,   24,   24,   18,   20,    8,    5,   14,    5,    0,   21,    6,    3,   21,    9,   14,   18,   15,   13,    7,   11,   15,   15,    9,    7,   20,    6,   23,    2,    8,    2,   22,  ]
[    9,    3,   15,    4,   11,   21,   18,   17,   21,   14,    0,   24,   13,    9,   15,    6,    1,    6,   15,   14,   21,    6,   23,    5,    1,    5,    4,    5,   15,    6,    5,   24,  ]
[   10,   20,    3,   23,   18,   21,   17,   16,   12,   17,   18,    0,    4,    8,    9,    5,   14,   24,   22,   13,    5,   20,   18,    8,    2,   22,   16,   17,    6,   21,   16,   18,  ]
[   16,   21,   16,   12,   19,    9,    3,    7,    3,   21,    9,    7,    5,   18,   15,   21,   18,   12,   11,    0,    7,    7,    9,   12,    6,    0,    4,   12,   21,   23,    5,   14,  ]
[   21,   24,    1,   16,   10,    7,    0,   13,    3,    9,   23,   10,    3,   13,    9,   23,    2,   20,   23,   11,    2,    9,   23,    9,   11,    5,   23,    9,    5,    6,   24,    1,  ]
[    7,    2,   17,   17,    9,   19,    7,   15,    4,    7,    0,    9,   22,    9,    9,   24,    5,    7,   11,    9,   19,   11,   20,    5,   16,   19,   15,   21,    0,   16,    0,    7,  ]
[   20,   19,    1,    7,   14,    8,   22,   20,   18,   22,    4,   15,    7,   13,   15,   14,   22,    3,   23,   16,   14,   19,   24,    8,   15,   16,    4,   15,    7,    6,   24,    4,  ]
[    1,    2,   11,   17,   12,    8,   12,    5,    6,   16,   21,   15,    6,   11,    4,    3,   14,    4,   22,    3,    0,   21,   11,   15,   14,   18,    7,   21,    1,    8,    2,    2,  ]
[   10,   14,   21,   23,   22,    8,    3,    5,    1,   24,   22,    7,   12,    3,   13,    1,    8,   12,    7,    8,   10,   20,    1,   24,   15,    8,   22,   17,   17,   24,   21,    2,  ]
[   13,   18,    0,   13,    3,    6,   20,    5,    7,   18,   14,   20,   21,    2,   23,    4,   16,    5,   15,    1,    3,   16,    0,   18,    1,   22,   12,   18,   22,   11,   23,   12,  ]
[    4,    0,    0,    7,    6,   21,   14,   14,   16,    4,   11,   12,    8,    9,   19,    0,   15,   11,    1,   20,    4,    2,   15,    5,    1,    3,   24,    0,   16,   24,   13,   22,  ]
[   24,   15,    6,    8,   13,   21,   24,    4,    0,   10,   19,    8,   19,   13,   10,   11,    1,   12,    6,    5,   16,   24,   10,   17,    2,   11,   18,   20,   10,    8,   17,   10,  ]
[   23,   23,   20,   12,   19,   19,   16,   21,    4,   10,    7,   23,    0,   17,   12,    1,    6,   18,    6,   22,   17,   17,   17,   21,    5,   12,   16,   16,   20,   10,    3,   18,  ]
[    9,   23,    7,    3,   17,   24,    0,   23,   11,    9,   21,   12,    1,    8,   15,    8,    4,   22,    7,   23,   16,   24,   22,   21,   11,   15,   14,    8,    1,   17,    2,   10,  ]
[   17,    9,   15,    9,   10,   17,    7,   22,    1,    6,   11,    3,   16,    1,   13,   22,   23,   20,   21,   16,   22,   20,   13,   10,   10,    2,   19,   13,   22,   23,   23,   14,  ]
[    9,   16,    1,   20,    8,   10,   19,   10,   16,    5,   15,   10,    8,    5,    7,    9,    0,    5,    0,   24,    2,   15,   10,   13,   20,    4,    1,   17,    2,    2,    6,   11,  ]
[   18,    9,    8,    1,   20,    2,   13,   13,    9,    3,   23,   20,    8,    8,    4,   11,   15,    6,   10,   18,   22,   22,    8,   17,    1,   11,   11,    5,   15,   19,   19,    8,  ]
[    4,    2,   12,   24,    5,    0,   12,   16,    6,   13,   11,   16,   23,   17,    4,   13,   24,   15,    8,   21,   14,   18,   15,   16,    5,    3,   23,   20,   22,   17,    6,    1,  ]
[   20,   20,    0,    2,   20,   15,   20,    3,    5,    7,   20,    3,   24,   24,   18,   23,   16,    2,   21,    6,   20,   13,   24,    2,   16,   22,    0,   14,   15,    6,   17,   12,  ]
[    1,   20,   14,   23,   12,    9,    4,   17,   18,    1,   20,   18,    2,   13,   18,   19,   15,   17,    2,   13,    5,    3,   17,   24,    0,   17,   15,   17,    0,    9,    4,    3,  ]
[    4,   20,    4,   16,    7,    8,    8,    0,    9,    3,   20,   11,   19,   16,    7,   11,   10,   11,   24,   17,   14,   19,   16,   17,   11,    8,   11,   14,   18,   18,   17,   22,  ]
[   15,   21,   16,   22,    6,   24,    0,   15,    5,   22,    4,   24,   15,   13,   12,    0,    2,   12,   18,   16,    6,   11,   10,   19,   20,   24,    8,   13,   17,    3,   12,    7,  ]
[   24,    3,    7,    8,    5,    9,   23,   12,    6,    4,   13,   22,   20,    0,   22,   22,   14,   17,   15,   22,    4,    1,   19,   24,    2,    4,   14,   19,    7,    1,    3,    9,  ]
[    7,   12,   17,   14,   21,   17,    3,    5,   22,   16,    4,   17,   18,    3,   16,   10,   21,    6,    7,    0,    7,    3,   24,    9,    8,   15,    5,   15,   16,   11,    1,    0,  ]
[   23,   18,   14,   22,   13,   17,    4,   12,   10,    8,    6,    6,   11,   22,   16,    7,    3,    0,    7,   11,    4,    8,   22,   12,   23,    5,    4,   17,   16,    6,   19,   16,  ]
[    1,    9,   15,   14,    3,   19,    1,   16,    2,    7,   22,   16,    4,   15,   23,    8,   15,    8,   21,   19,   18,   18,    8,   19,    0,   13,   13,   18,   21,    7,   10,   22,  ]
[   18,    2,   12,   24,   22,   15,   15,    1,   23,   14,   17,    4,    6,   18,   12,   21,    3,    8,   18,   21,    4,    3,   15,    4,   16,    5,    0,   14,   13,   10,   12,    6,  ]
Matrix A * B + C =:
[ 4840, 5674, 4858, 5138, 6310, 5646, 3701, 5211, 4772, 4716, 5886, 4400, 5496, 5951, 5109, 5186, 4351, 6224, 5805, 4814, 5160, 5054, 4113, 5816, 5406, 5947, 5877, 4035, 4975, 5307, 5072, 4323,  ]
[ 4558, 4684, 3983, 4921, 5518, 5178, 3755, 4762, 3648, 4517, 4775, 4185, 5073, 5284, 4471, 4187, 4729, 5428, 5109, 3833, 5221, 4249, 3989, 5053, 4831, 5192, 4884, 3750, 4520, 5181, 3915, 3683,  ]
[ 4377, 4581, 4320, 4933, 5701, 5410, 3626, 4864, 4611, 4245, 4698, 4770, 5211, 5776, 4568, 5131, 4505, 5594, 5000, 3917, 4790, 4971, 4580, 4918, 4973, 5620, 5403, 3828, 4104, 4750, 4299, 3930,  ]
[ 5427, 5867, 4870, 5008, 5843, 5614, 3975, 5142, 4714, 4958, 5996, 5684, 5849, 5778, 5078, 5731, 4564, 6385, 5650, 5175, 5551, 4946, 4821, 5837, 5553, 6147, 5212, 4451, 5023, 5091, 4858, 4672,  ]
[ 3967, 5099, 4527, 4451, 5330, 5195, 3604, 5093, 3895, 4226, 4446, 4500, 5193, 5108, 4625, 4519, 4257, 5419, 5073, 4903, 5012, 4144, 4445, 5290, 4885, 5383, 4633, 4160, 4331, 4678, 4627, 4242,  ]
[ 884423, 890799, 1001431, 828182, 4498, 4326, 3073, 1143776, 3395, 262914, 988469, 3954, 4342, 211506, 4515, 4424, 3622, 5307, 4491, 3738, 4633, 3402, 3520, 4639, 4356, 5025, 3893, 3655, 4304, 4373, 3849, 3779,  ]
[ 1028252, 1032826, 1107875, 939829, 5495, 4643, 3398, 1330165, 4711, 305642, 1149653, 5000, 4997, 5430, 4411, 4783, 4362, 5492, 4841, 4375, 4506, 4556, 4593, 5256, 4768, 5825, 4600, 3806, 3978, 5011, 4956, 3543,  ]
[ 4485, 4891, 4620, 4077, 5894, 4850, 3789, 4258, 4282, 4481, 4966, 5575, 5299, 5488, 4912, 4851, 3889, 5247, 5430, 4011, 4755, 5143, 4691, 5364, 5499, 5476, 5004, 3818, 4006, 5202, 4925, 3884,  ]
[ 3709, 3415, 3461, 3299, 4096, 3826, 2999, 3249, 3021, 2972, 3825, 3895, 4007, 3856, 3123, 3388, 2800, 3925, 3521, 3117, 3457, 3642, 3634, 3823, 4004, 4321, 3794, 2686, 3184, 3430, 3104, 2884,  ]
[ 5102, 5326, 5446, 5377, 6635, 5861, 4052, 5636, 5112, 5390, 5407, 5138, 5940, 6346, 5321, 5861, 5168, 6255, 5756, 4798, 5375, 5483, 4758, 5968, 5781, 5986, 5982, 4328, 4938, 5455, 5441, 4528,  ]
[ 5121, 4378, 4414, 4319, 5693, 4783, 3320, 4522, 4288, 3871, 4763, 4467, 5339, 4665, 4216, 5031, 4190, 5600, 5379, 4461, 4647, 4347, 4370, 5152, 5199, 5151, 4811, 3696, 4862, 4729, 4843, 4573,  ]
[ 5336, 5631, 4742, 4822, 5269, 5322, 4207, 4984, 3919, 4772, 5713, 5175, 5906, 5354, 4897, 4959, 4480, 6382, 4756, 4458, 5720, 4528, 4189, 5542, 5851, 5980, 4645, 4479, 4799, 5165, 4824, 4119,  ]
[ 4579, 1739313, 1855785, 1535112, 5322, 4447, 3730, 2249318, 4021, 4263, 5070, 4464, 4625, 5313, 4123, 4840, 4262, 5724, 5301, 4361, 4788, 5163, 4368, 5044, 4814, 4966, 4510, 3761, 4530, 4684, 4286, 3899,  ]
[ 4023, 3728, 3751, 3956, 5015, 4269, 3023, 4223, 3590, 3638, 4729, 3583, 4574, 4398, 2942, 4007, 3424, 5244, 4216, 3648, 4307, 3887, 4089, 4991, 4440, 5175, 3902, 3412, 3835, 3869, 3749, 2960,  ]
[ 4580, 3983, 3837, 4150, 4794, 4297, 3495, 3893, 3458, 3909, 4131, 4851, 4355, 4217, 4067, 4441, 3718, 5003, 4732, 3648, 4284, 4566, 4471, 4365, 4240, 4338, 4483, 3501, 4021, 4695, 3861, 3513,  ]
[ 662156, 667768, 777632, 631003, 5859, 5221, 2922, 855196, 4632, 197880, 739513, 4901, 5416, 159541, 4544, 5344, 4441, 5627, 5376, 4603, 4646, 4392, 4629, 5555, 4983, 5797, 4971, 4307, 4920, 5120, 5237, 3907,  ]
[ 63599, 68418, 154940, 93769, 5677, 5170, 3472, 81279, 4260, 21979, 71351, 4160, 5152, 19077, 4668, 4353, 3899, 5245, 4987, 3934, 4457, 3800, 3716, 5151, 4708, 5148, 4756, 3618, 4058, 4144, 4295, 4089,  ]
[ 4469, 4917, 4736, 3737, 5196, 4857, 3729, 4345, 3686, 3772, 4683, 3507, 4889, 4654, 3733, 4188, 4084, 5630, 4862, 4795, 5111, 4021, 4138, 5006, 4420, 4919, 4333, 3679, 4466, 4838, 4341, 3533,  ]
[ 3685, 4003, 2957378, 3965, 4838, 4532, 3107, 4353, 4312, 3568, 4394, 4152, 4522, 4665, 3942, 4461, 3953, 5244, 4558, 3708, 4543, 3731, 3962, 5054, 4793, 4984, 4134, 3362, 4152, 4158, 4366, 3670,  ]
[ 4476, 4710, 4081, 4841, 5299, 4634, 3035, 4651, 4191, 4023, 5631, 4635, 5233, 5111, 4324, 4339, 3965, 5187, 4887, 4317, 4413, 4730, 4497, 4911, 5139, 5746, 4965, 3991, 4425, 4912, 4238, 3750,  ]
[ 281484, 135196, 229544, 157712, 115478, 5257, 3751, 161582, 12992, 73041, 139246, 43474, 5643, 101040, 151940, 4574, 3983, 6161, 4635, 43110, 4783, 21421, 81619, 5265, 5477, 5191, 4876, 4016, 4500, 4579, 4546, 3788,  ]
[ 4879, 5384, 4183, 4815, 5684, 5335, 3324, 4829, 4804, 4242, 5604, 4876, 5489, 5340, 5165, 5555, 4408, 5712, 5776, 4645, 5398, 4525, 4265, 5513, 5385, 5837, 5245, 4103, 5051, 5309, 4518, 4051,  ]
[ 4544, 4336, 4294, 4084, 4673, 4835, 3512, 4232, 3532, 4375, 4783, 3992, 4780, 4710, 3294, 4356, 3559, 5015, 4527, 4404, 4529, 4247, 3766, 4580, 3887, 4410, 3843, 3846, 3925, 4194, 3942, 3324,  ]
[ 5973, 6211, 1364232, 5876, 7039, 6483, 4347, 6304, 5246, 5162, 6572, 5652, 6664, 6248, 5374, 6252, 5573, 7057, 6554, 5697, 6762, 5348, 5561, 6675, 6165, 6983, 5597, 5035, 5717, 6165, 5361, 5109,  ]
[ 339329, 165898, 321993, 151411, 213416, 4325, 2898, 147107, 131290, 72573, 127494, 150061, 4675, 104316, 137922, 4218, 3837, 63772, 49460, 34910, 4030, 137910, 146472, 49866, 4466, 4814, 4199, 2939, 3700, 4190, 4488, 4061,  ]
[ 4481, 892365, 1012318, 788055, 5386, 5194, 3874, 1153209, 4144, 4280, 4888, 5044, 4863, 5004, 4976, 4779, 3891, 5454, 4925, 3658, 4968, 4568, 4023, 4825, 5677, 5218, 5167, 4115, 4799, 4733, 4023, 3654,  ]
[ 4761, 1253105, 1366237, 1105765, 5658, 5407, 3574, 1619798, 4302, 4462, 5351, 4396, 5137, 5083, 4263, 5062, 4394, 5685, 5520, 5142, 5129, 5077, 4199, 5236, 4523, 5307, 4861, 3882, 4867, 4491, 4654, 4112,  ]
[ 4690, 55108, 140352, 48800, 5255, 5105, 3537, 69272, 3939, 4196, 5211, 4627, 5447, 5053, 4387, 4424, 4136, 5447, 4899, 4433, 4264, 4755, 4369, 5213, 5623, 5592, 5338, 3896, 4524, 4455, 4824, 3796,  ]
[ 364493, 175049, 294976, 173154, 246655, 59880, 69732, 151327, 143545, 122862, 189267, 159509, 111618, 195002, 158536, 45740, 4502, 262597, 189434, 72926, 5145, 186456, 137201, 86479, 5254, 60507, 85248, 4054, 4809, 5264, 4860, 4002,  ]
[ 321838, 127979, 215664, 148952, 186699, 5417, 3699, 153196, 115538, 69364, 131938, 139048, 4877, 95424, 143818, 4555, 4678, 75292, 58512, 40741, 5213, 123960, 146225, 58676, 5520, 5144, 5112, 4285, 5183, 4865, 4658, 3809,  ]
[ 321032, 160257, 225179, 148463, 200445, 5856, 3960, 145934, 132347, 74851, 133600, 153155, 5837, 106356, 144778, 5811, 4602, 69907, 54544, 38577, 5282, 140011, 152152, 54778, 5753, 6016, 5697, 4296, 4785, 4919, 5718, 4895,  ]
[ 310220, 144808, 322492, 148804, 216149, 51814, 60253, 125966, 135064, 105651, 163103, 149168, 102052, 166124, 141802, 38667, 3487, 226583, 173712, 59126, 4330, 168303, 128889, 79942, 3484, 52247, 73412, 2983, 3657, 4093, 3761, 3184,  ]
RowsA: 7
ColsA: 7
RowsB: 7
ColsB: 7
Max: 25
Matrix A:
[   20,    9,    3,   10,    5,    6,   12,  ]
[    5,   20,   14,   23,   22,   20,   22,  ]
[   12,   14,   18,    6,    1,   10,   21,  ]
[   22,    4,   19,   19,   16,    5,    5,  ]
[   18,   15,   18,   13,   24,   23,    1,  ]
[    6,    6,   13,   13,    1,    5,   11,  ]
[   23,    0,   10,   13,   14,    6,   19,  ]
Matrix B:
[   16,   16,   15,   15,   20,   11,    9,  ]
[   11,   16,   16,    6,    6,    9,   20,  ]
[    7,    9,   21,   14,   15,   11,    2,  ]
[   17,   16,   16,   17,   16,    3,    5,  ]
[    8,    9,   24,   24,    0,   16,   16,  ]
[   22,    2,    2,    9,   21,   18,   15,  ]
[    4,    4,   12,   12,   15,   10,    3,  ]
Matrix C:
[    5,   22,    5,   22,   15,   23,   17,  ]
[    9,    4,   22,   17,   13,   22,   18,  ]
[   16,   13,   11,   13,   18,   13,   24,  ]
[   14,    8,   17,   18,   14,    4,    7,  ]
[    4,   17,   10,    9,   16,   18,    9,  ]
[    6,   18,    1,   17,   22,   23,   11,  ]
[   11,   22,    6,    4,   11,   17,   17,  ]
Matrix A * B + C =:
[  835,  765,  959,  898,  969,  678,  633,  ]
[ 1515, 1224, 1902, 1762, 1565, 1408, 1328,  ]
[  891,  809, 1185, 1001, 1225,  881,  689,  ]
[ 1132, 1082, 1564, 1450, 1242,  957,  761,  ]
[ 1517, 1177, 1748, 1642, 1442, 1400, 1306,  ]
[  659,  602,  846,  734,  847,  541,  406,  ]
[  996,  898, 1363, 1331, 1238,  935,  680,  ]
RowsA: 5
ColsA: 5
RowsB: 5
ColsB: 1
Max: 25
Matrix A:
[   20,    9,    3,   10,    5,  ]
[    6,   12,    5,   20,   14,  ]
[   23,   22,   20,   22,   12,  ]
[   14,   18,    6,    1,   10,  ]
[   21,   22,    4,   19,   19,  ]
Matrix B:
[   16,  ]
[    5,  ]
[    5,  ]
[   18,  ]
[   15,  ]
Matrix C:
[   18,  ]
[   13,  ]
[   24,  ]
[   23,  ]
[    1,  ]
Matrix A * B + C =:
[  653,  ]
[  764,  ]
[ 1178,  ]
[  535,  ]
[ 1094,  ]
RowsA: 32
ColsA: 24
RowsB: 24
ColsB: 3
Max: 25
Matrix A:
[   20,   14,    0,    6,   20,    6,   10,    9,   16,   22,    9,   11,   17,   22,   24,   15,   12,    7,   16,    6,   16,    4,   22,   15,  ]
[    8,   21,   13,    5,    1,    5,   22,   24,   22,   22,    5,   19,    5,   18,    3,   24,   15,   12,   10,    9,   11,   10,    0,    0,  ]
[   19,   16,    9,   12,   22,    6,    2,    6,    5,   17,   11,    8,   23,   10,    7,   20,   10,   15,   14,   15,    8,   20,   14,    0,  ]
[    9,    0,   10,   21,   12,   12,   21,    8,    5,    5,   21,    5,   14,   23,   11,   21,   16,   24,    4,   14,   10,   12,   11,   22,  ]
[    2,    2,   12,   12,   22,    2,   14,    7,    4,    1,    5,   18,   15,    3,    1,   21,   11,   22,    1,    0,   21,   14,   21,   14,  ]
[   15,    0,    5,    2,   14,   16,   24,   18,   18,   12,    7,   18,   14,   22,    0,   20,    0,    7,   13,   16,   10,   16,   14,   21,  ]
[   14,   15,   21,   12,    6,   19,    1,   21,   22,    8,   24,   11,   24,   23,    7,   19,   10,   14,   12,    1,   13,   14,   23,   14,  ]
[   21,   11,    7,    9,    3,   21,    5,   19,   13,    4,    6,   19,   23,    9,   17,   22,   17,   16,   11,   18,   17,   18,   12,    4,  ]
[    7,    2,    6,   23,   18,    6,   12,   17,   20,   21,    1,   23,   17,    6,   19,    5,   10,    2,    1,   11,   11,   18,   10,    5,  ]
[   12,   21,   23,    6,   14,   12,   10,   24,   16,   18,   24,   12,    0,   13,    4,   20,    9,    7,   20,    1,   13,   14,    8,    1,  ]
[   16,    9,   14,    4,    4,   24,   11,   18,   23,    9,   24,   14,   23,   10,   15,   15,    5,   14,    4,    5,    2,    8,    0,   11,  ]
[   15,   22,   14,    5,   11,   22,    8,    4,    8,   24,   10,   13,    1,   21,    8,   24,    7,    8,   15,    8,   20,    6,    0,    0,  ]
[   20,    4,    8,    0,   12,   10,   11,    4,    8,    1,   11,   21,   23,   22,    1,    7,   23,   13,   22,   24,   12,    5,    0,   19,  ]
[   15,   18,    2,   12,   24,    2,   15,   21,    6,   23,   21,   20,    8,    8,    1,   18,   11,   15,   15,   11,   14,   18,   18,   12,  ]
[    6,   17,   14,   18,    0,   16,   15,   17,    9,   17,    5,    8,   22,   22,    5,    5,   20,    1,    1,    5,   11,    4,   24,   22,  ]
[   19,   16,    9,   10,    9,    4,   23,   15,   24,   14,   11,    1,    5,    1,   18,   15,   18,    0,    0,   17,   22,    7,   23,   19,  ]
[   11,   24,    2,   22,    5,    3,   22,    2,   19,    8,   12,    3,   14,   12,   20,   15,    1,    6,   16,    7,    7,   10,   24,    3,  ]
[   12,   24,   20,   12,    9,   18,    8,   20,   19,   10,   17,    0,   15,   16,    2,   11,   24,   16,   14,   16,    4,   12,    6,    5,  ]
[   20,   23,   14,    3,   10,   15,    8,   22,   15,    3,   11,   24,   24,   20,   21,   18,    7,   13,   20,   23,    7,   22,    9,    6,  ]
[   14,    1,   24,   20,   15,    6,    0,   10,    4,   17,   15,   16,    7,   23,   15,   24,    2,    2,    0,    1,   22,   21,   21,    4,  ]
[   12,   17,    4,   19,   16,   16,    2,    7,   19,    2,    2,    9,    8,    5,   19,   14,   22,   10,    5,    6,    8,   20,    6,   12,  ]
[   24,    6,   15,   21,    5,   14,    3,   17,    6,    9,   11,   22,    0,   13,    7,   19,   17,    9,    5,    0,   14,    2,   16,   13,  ]
[   12,   21,   20,   22,   19,    1,   12,   18,    9,    4,   17,   14,   18,   20,    8,   24,    6,   19,   24,    7,   10,    6,    3,    4,  ]
[   17,    9,    5,    7,   11,   21,   22,    0,   20,   17,   24,   16,   20,   11,    9,    5,   18,    1,   21,   11,   23,    5,   13,    5,  ]
[    1,   12,   14,   13,   20,   17,   18,   12,    3,   23,   21,   16,   21,   19,   18,   18,   13,   20,    9,    9,    6,   21,   16,   24,  ]
[   24,   12,   13,   23,   19,    1,    5,   21,   15,   19,    9,   10,   13,    2,   24,   19,    2,   23,   12,    1,   17,    6,   21,    7,  ]
[    1,    8,   16,    9,    4,    9,   11,    5,   22,    1,    3,   18,    2,   10,   14,   17,    4,    1,    4,   20,    5,    3,   14,   10,  ]
[    3,    3,   11,   20,    9,    9,    5,   12,   17,   21,   24,   23,    6,   12,    6,    5,   13,    9,   23,   15,   20,   15,    9,    1,  ]
[   16,   13,   23,   21,   18,   14,    8,   22,   18,   19,   19,    4,    6,   24,   17,    0,   23,   18,    1,    6,    5,    7,   13,   18,  ]
[   18,   11,   10,   15,    3,   19,   19,   21,    9,   17,   20,    2,    7,    3,    1,    0,    0,   21,    4,    6,   22,   23,    8,   20,  ]
[   18,    9,    3,   23,   16,   16,   18,   12,    5,    3,    2,    8,   24,   21,    5,    8,   14,    2,   13,   23,    5,   14,   23,    5,  ]
[   12,    4,   13,   10,    5,   22,    7,   23,    8,   13,   24,    0,    4,   17,   14,    9,   21,   16,   20,   20,   15,    2,    6,    4,  ]
Matrix B:
[    4,   19,    4,  ]
[   11,    8,    2,  ]
[   17,   23,    8,  ]
[    7,   10,   13,  ]
[    4,   17,   14,  ]
[   13,    7,   13,  ]
[   15,   12,    5,  ]
[    4,   23,    3,  ]
[   22,   18,    1,  ]
[   12,   22,    7,  ]
[   18,    3,    3,  ]
[   22,   15,   13,  ]
[    1,    9,   11,  ]
[   10,   16,   21,  ]
[    0,   23,   16,  ]
[   16,   11,   23,  ]
[    4,    3,   12,  ]
[   12,    7,   11,  ]
[   15,    6,    6,  ]
[   18,   19,    4,  ]
[    2,   14,    9,  ]
[    5,   14,   24,  ]
[   19,   15,   10,  ]
[    5,    2,    2,  ]
Matrix C:
[    4,    5,    0,  ]
[   20,   21,   13,  ]
[   20,    1,   16,  ]
[    8,   13,    0,  ]
[   21,    5,    8,  ]
[    2,   24,    2,  ]
[    8,    1,   19,  ]
[   18,    9,    8,  ]
[   19,    3,    0,  ]
[    5,   10,    3,  ]
[    9,   14,    8,  ]
[   11,   11,    4,  ]
[   24,    7,    7,  ]
[   17,   17,   22,  ]
[   19,   13,    5,  ]
[    2,   15,    4,  ]
[    7,    1,    7,  ]
[    1,   19,   16,  ]
[   11,   15,   21,  ]
[   11,   20,    7,  ]
[   14,    6,   21,  ]
[   24,   17,    8,  ]
[    6,   18,   17,  ]
[   13,   12,    9,  ]
[   13,    6,   24,  ]
[   18,    9,   14,  ]
[   24,   16,   17,  ]
[    6,   19,   11,  ]
[    0,    5,    2,  ]
[   21,   16,   24,  ]
[    5,    8,    8,  ]
[    2,    7,    2,  ]
Matrix A * B + C =:
[ 3146, 3225, 3873,  ]
[ 3583, 2997, 3130,  ]
[ 3870, 2911, 3804,  ]
[ 3489, 2933, 3069,  ]
[ 2634, 3948, 3625,  ]
[ 3234, 2934, 2914,  ]
[ 3210, 3194, 3910,  ]
[ 3452, 3611, 3507,  ]
[ 3159, 3580, 3691,  ]
[ 3711, 2923, 3958,  ]
[ 2180, 3195, 3432,  ]
[ 2562, 3270, 3161,  ]
[ 3581, 3064, 2947,  ]
[ 3450, 3118, 3330,  ]
[ 3092, 2983, 3649,  ]
[ 3211, 2598, 3546,  ]
[ 3849, 3399, 3423,  ]
[ 2746, 3365, 3833,  ]
[ 3484, 4288, 3660,  ]
[ 3649, 3168, 4063,  ]
[ 3505, 4220, 3702,  ]
[ 3761, 2922, 3522,  ]
[ 2704, 3129, 2879,  ]
[ 3396, 2424, 3534,  ]
[ 2854, 2773, 3226,  ]
[ 3802, 4151, 3174,  ]
[ 3195, 3826, 4109,  ]
[ 2944, 4135, 3051,  ]
[ 3544, 3033, 3041,  ]
[ 3867, 2969, 3797,  ]
[ 2636, 3845, 3682,  ]
[ 3653, 4028, 3672,  ]
RowsA: 32
ColsA: 32
RowsB: 32
ColsB: 1
Max: 25
Matrix A:
[   20,   14,    0,    6,   20,    6,   10,    9,   16,   22,    9,   11,   17,   22,   24,   15,   12,    7,   16,    6,   16,    4,   22,   15,    8,   21,   13,    5,    1,    5,   22,   24,  ]
[   22,   22,    5,   19,    5,   18,    3,   24,   15,   12,   10,    9,   11,   10,    0,    0,   19,   16,    9,   12,   22,    6,    2,    6,    5,   17,   11,    8,   23,   10,    7,   20,  ]
[   10,   15,   14,   15,    8,   20,   14,    0,    9,    0,   10,   21,   12,   12,   21,    8,    5,    5,   21,    5,   14,   23,   11,   21,   16,   24,    4,   14,   10,   12,   11,   22,  ]
[    2,    2,   12,   12,   22,    2,   14,    7,    4,    1,    5,   18,   15,    3,    1,   21,   11,   22,    1,    0,   21,   14,   21,   14,   15,    0,    5,    2,   14,   16,   24,   18,  ]
[   18,   12,    7,   18,   14,   22,    0,   20,    0,    7,   13,   16,   10,   16,   14,   21,   14,   15,   21,   12,    6,   19,    1,   21,   22,    8,   24,   11,   24,   23,    7,   19,  ]
[   10,   14,   12,    1,   13,   14,   23,   14,   21,   11,    7,    9,    3,   21,    5,   19,   13,    4,    6,   19,   23,    9,   17,   22,   17,   16,   11,   18,   17,   18,   12,    4,  ]
[    7,    2,    6,   23,   18,    6,   12,   17,   20,   21,    1,   23,   17,    6,   19,    5,   10,    2,    1,   11,   11,   18,   10,    5,   12,   21,   23,    6,   14,   12,   10,   24,  ]
[   16,   18,   24,   12,    0,   13,    4,   20,    9,    7,   20,    1,   13,   14,    8,    1,   16,    9,   14,    4,    4,   24,   11,   18,   23,    9,   24,   14,   23,   10,   15,   15,  ]
[    5,   14,    4,    5,    2,    8,    0,   11,   15,   22,   14,    5,   11,   22,    8,    4,    8,   24,   10,   13,    1,   21,    8,   24,    7,    8,   15,    8,   20,    6,    0,    0,  ]
[   20,    4,    8,    0,   12,   10,   11,    4,    8,    1,   11,   21,   23,   22,    1,    7,   23,   13,   22,   24,   12,    5,    0,   19,   15,   18,    2,   12,   24,    2,   15,   21,  ]
[    6,   23,   21,   20,    8,    8,    1,   18,   11,   15,   15,   11,   14,   18,   18,   12,    6,   17,   14,   18,    0,   16,   15,   17,    9,   17,    5,    8,   22,   22,    5,    5,  ]
[   20,    1,    1,    5,   11,    4,   24,   22,   19,   16,    9,   10,    9,    4,   23,   15,   24,   14,   11,    1,    5,    1,   18,   15,   18,    0,    0,   17,   22,    7,   23,   19,  ]
[   11,   24,    2,   22,    5,    3,   22,    2,   19,    8,   12,    3,   14,   12,   20,   15,    1,    6,   16,    7,    7,   10,   24,    3,   12,   24,   20,   12,    9,   18,    8,   20,  ]
[   19,   10,   17,    0,   15,   16,    2,   11,   24,   16,   14,   16,    4,   12,    6,    5,   20,   23,   14,    3,   10,   15,    8,   22,   15,    3,   11,   24,   24,   20,   21,   18,  ]
[    7,   13,   20,   23,    7,   22,    9,    6,   14,    1,   24,   20,   15,    6,    0,   10,    4,   17,   15,   16,    7,   23,   15,   24,    2,    2,    0,    1,   22,   21,   21,    4,  ]
[   12,   17,    4,   19,   16,   16,    2,    7,   19,    2,    2,    9,    8,    5,   19,   14,   22,   10,    5,    6,    8,   20,    6,   12,   24,    6,   15,   21,    5,   14,    3,   17,  ]
[    6,    9,   11,   22,    0,   13,    7,   19,   17,    9,    5,    0,   14,    2,   16,   13,   12,   21,   20,   22,   19,    1,   12,   18,    9,    4,   17,   14,   18,   20,    8,   24,  ]
[    6,   19,   24,    7,   10,    6,    3,    4,   17,    9,    5,    7,   11,   21,   22,    0,   20,   17,   24,   16,   20,   11,    9,    5,   18,    1,   21,   11,   23,    5,   13,    5,  ]
[    1,   12,   14,   13,   20,   17,   18,   12,    3,   23,   21,   16,   21,   19,   18,   18,   13,   20,    9,    9,    6,   21,   16,   24,   24,   12,   13,   23,   19,    1,    5,   21,  ]
[   15,   19,    9,   10,   13,    2,   24,   19,    2,   23,   12,    1,   17,    6,   21,    7,    1,    8,   16,    9,    4,    9,   11,    5,   22,    1,    3,   18,    2,   10,   14,   17,  ]
[    4,    1,    4,   20,    5,    3,   14,   10,    3,    3,   11,   20,    9,    9,    5,   12,   17,   21,   24,   23,    6,   12,    6,    5,   13,    9,   23,   15,   20,   15,    9,    1,  ]
[   16,   13,   23,   21,   18,   14,    8,   22,   18,   19,   19,    4,    6,   24,   17,    0,   23,   18,    1,    6,    5,    7,   13,   18,   18,   11,   10,   15,    3,   19,   19,   21,  ]
[    9,   17,   20,    2,    7,    3,    1,    0,    0,   21,    4,    6,   22,   23,    8,   20,   18,    9,    3,   23,   16,   16,   18,   12,    5,    3,    2,    8,   24,   21,    5,    8,  ]
[   14,    2,   13,   23,    5,   14,   23,    5,   12,    4,   13,   10,    5,   22,    7,   23,    8,   13,   24,    0,    4,   17,   14,    9,   21,   16,   20,   20,   15,    2,    6,    4,  ]
[    4,   19,    4,   11,    8,    2,   17,   23,    8,    7,   10,   13,    4,   17,   14,   13,    7,   13,   15,   12,    5,    4,   23,    3,   22,   18,    1,   12,   22,    7,   18,    3,  ]
[    3,   22,   15,   13,    1,    9,   11,   10,   16,   21,    0,   23,   16,   16,   11,   23,    4,    3,   12,   12,    7,   11,   15,    6,    6,   18,   19,    4,    2,   14,    9,    5,  ]
[   14,   24,   19,   15,   10,    5,    2,    2,    4,    5,    0,   20,   21,   13,   20,    1,   16,    8,   13,    0,   21,    5,    8,    2,   24,    2,    8,    1,   19,   18,    9,    8,  ]
[   19,    3,    0,    5,   10,    3,    9,   14,    8,   11,   11,    4,   24,    7,    7,   17,   17,   22,   19,   13,    5,    2,   15,    4,    7,    1,    7,    1,   19,   16,   11,   15,  ]
[   21,   11,   20,    7,   14,    6,   21,   24,   17,    8,    6,   18,   17,   13,   12,    9,   13,    6,   24,   18,    9,   14,   24,   16,   17,    6,   19,   11,    0,    5,    2,   21,  ]
[   16,   24,    5,    8,    8,    2,    7,    2,   12,   13,   21,    6,    4,    8,   17,   19,   17,   16,   12,    1,    7,   11,   19,    0,   19,   15,   13,   21,   20,   15,   18,   13,  ]
[   17,   23,   23,    2,    2,    6,    4,   16,   21,    0,   22,    2,   11,   14,   21,    3,    5,    8,    6,   15,   21,    2,   15,   16,   17,    3,   12,   14,   21,    7,    4,   15,  ]
[    8,    3,   17,   10,   11,   21,    4,    9,   22,    1,   12,   10,   16,    8,   15,   23,   19,   21,   13,   17,    0,    3,   10,   19,    9,    0,   10,    5,    9,   14,   20,   17,  ]
Matrix B:
[   19,  ]
[   12,  ]
[    5,  ]
[    7,  ]
[   10,  ]
[    9,  ]
[   17,  ]
[    7,  ]
[   10,  ]
[    4,  ]
[   19,  ]
[    3,  ]
[   14,  ]
[    9,  ]
[    4,  ]
[   10,  ]
[    7,  ]
[   17,  ]
[    3,  ]
[    9,  ]
[   23,  ]
[   13,  ]
[    3,  ]
[    7,  ]
[   15,  ]
[   13,  ]
[   14,  ]
[    0,  ]
[    5,  ]
[   11,  ]
[   17,  ]
[    1,  ]
Matrix C:
[    0,  ]
[   24,  ]
[    9,  ]
[   10,  ]
[    8,  ]
[    1,  ]
[   20,  ]
[   21,  ]
[    7,  ]
[   14,  ]
[    1,  ]
[   21,  ]
[    1,  ]
[    5,  ]
[    9,  ]
[    8,  ]
[    0,  ]
[   12,  ]
[   20,  ]
[   23,  ]
[    2,  ]
[   23,  ]
[    7,  ]
[   20,  ]
[   14,  ]
[   23,  ]
[   20,  ]
[   21,  ]
[    9,  ]
[   14,  ]
[   22,  ]
[    9,  ]
Matrix A * B + C =:
[ 4140,  ]
[ 3940,  ]
[ 3863,  ]
[ 3632,  ]
[ 4346,  ]
[ 4333,  ]
[ 3644,  ]
[ 4120,  ]
[ 3121,  ]
[ 3900,  ]
[ 3744,  ]
[ 3622,  ]
[ 3895,  ]
[ 4168,  ]
[ 3983,  ]
[ 3450,  ]
[ 3715,  ]
[ 3792,  ]
[ 4449,  ]
[ 3438,  ]
[ 3448,  ]
[ 4354,  ]
[ 3330,  ]
[ 3850,  ]
[ 3449,  ]
[ 3339,  ]
[ 3413,  ]
[ 3343,  ]
[ 3980,  ]
[ 3936,  ]
[ 3749,  ]
[ 3565,  ]
Wrote to timings.txt
[?2004h]0;kevin-rapa@kevin-rapa-Latitude-5531: ~/Repos/backup/module5[01;32mkevin-rapa@kevin-rapa-Latitude-5531[00m:[01;34m~/Repos/backup/module5[00m$ exit
[?2004lexit

Script done on 2026-02-22 13:31:24-05:00 [COMMAND_EXIT_CODE="0"]
